10       4923.8535       0.012754332
13.219412       4923.8535       0.016860476
17.475285       4923.8535       0.022288557
23.101297       4923.8535       0.029464161
30.538555       4923.8535       0.038949888
40.370174       4923.8535       0.051489457
53.366993       4923.8535       0.068066031
70.548019       4923.8535       0.089979291
93.260338       4923.8535       0.11894732
123.28468       4923.8535       0.15724134
162.97508       4923.8535       0.20786379
215.44347       4923.8535       0.27478367
284.80359       4923.8535       0.36324775
376.49359       4923.854       0.48019198
497.70236       4923.8545       0.63478506
657.93323       4923.8555       0.83914751
869.74902       4923.8569       1.1093012
1149.757       4923.8594       1.4664255
1519.9111       4923.8643       1.9385158
2009.233       4923.8726       2.5625749
2656.0879       4923.8867       3.3875062
3511.1917       4923.9116       4.4779296
4641.5889       4923.9551       5.9192042
6135.9072       4924.0317       7.8240199
8111.3081       4924.1655       10.34101
10722.672       4924.3994       13.665893
14174.741       4924.8115       18.055693
18738.174       4925.5386       23.846525
24770.764       4926.832       31.475502
32745.492       4929.1621       41.509327
43287.613       4933.4507       54.698029
57223.676       4941.5991       72.167389
75646.336       4957.5825       96.341682
100000       4988.1001       134.52185
132194.11       5036.1563       203.44518
174752.84       5094.7832       318.77051
231012.97       5164.3013       496.16199
305385.56       5240.5215       778.58954
403701.72       5270.8672       1232.916
533669.94       5109.7432       1889.3068
705480.25       4574.397       2603.5491
932603.38       3704.0596       3080.5408
1001001       3463.5427       3146.1204
1232846.8       2765.9961       3240.1211
1629750.9       1843.925       3218.8408
2002002       1125.0709       3061.4658
2154434.8       869.63367       2954.0051
2848035.8       92.999359       2292.3928
3003003       0.42101368       2142.8843
3764935.8       -209.2477       1549.2095
4004004       -228.49155       1412.1161
4977023.5       -233.9584       1022.2546
5005005       -233.35316       1013.9738
6006006       -206.10602       783.36627
6579332       -190.30934       691.57355
7007007       -179.49489       635.4328
8008008       -157.75191       532.5965
8697490       -145.36751       478.1825
9009009       -140.35318       456.81781
10010010       -126.24721       398.55579
14014014       -88.803757       257.45593
15015015       -82.251686       235.18407
15199111       -81.127342       231.44716
16016016       -76.404961       216.03293
17017018       -71.14814       199.42143
18018018       -66.393387       184.90399
19019020       -62.07217       172.13248
20020020       -58.129757       160.83049
20092330       -57.858391       160.06474
21021022       -54.521481       150.77563
26026026       -40.368511       113.866
26560878       -39.161297       110.89008
27027028       -38.148342       108.4119
28028028       -36.08902       103.42495
29029030       -34.176311       98.851448
30030030       -32.397469       94.64521
31031032       -30.741066       90.766319
32032032       -29.196808       87.180176
33033034       -27.755415       83.856621
40040040       -19.931229       66.087242
41041040       -19.067842       64.138268
42042044       -18.254368       62.300461
43043044       -17.487206       60.564842
52052052       -12.202933       48.437168
56056056       -10.538324       44.49229
57057056       -10.170044       43.606056
58058060       -9.8186531       42.75507
59059060       -9.4831619       41.937271
67067068       -7.2734089       36.388206
68068072       -7.0463028       35.798103
75075072       -5.6856894       32.157818
79079080       -5.055624       30.397812
80080080       -4.9118242       29.988121
81081080       -4.7730136       29.589556
81113080       -4.7686558       29.576992
82082080       -4.638967       29.201666
83083080       -4.5094724       28.824024
99099096       -2.9206407       23.899624
1.00E+08       -2.844873       23.648052
1.27E+08       -1.4103237       18.432768
1.44E+08       -0.88241547       16.195637
1.63E+08       -0.47374582       14.266023
1.82E+08       -0.18471324       12.750233
1.96E+08       -0.022775026       11.82572
2.48E+08       0.35651758       9.3409519
2.99E+08       0.55856055       7.7195244
3.41E+08       0.66034299       6.7637477
3.90E+08       0.74017358       5.9105244
4.14E+08       0.76937407       5.5667067
4.68E+08       0.8194564       4.9226069
5.48E+08       0.86779177       4.210187
5.49E+08       0.86827338       4.2024899
6.36E+08       0.90187085       3.6258314
7.36E+08       0.92674243       3.1319556
8.58E+08       0.94610739       2.6857221
1.00E+09       0.96033502       2.3037298
