   1.000000000000001e+04   6.263437512266386e+03   1.009215852642200e+02
   1.155215973495006e+04   6.263437512266386e+03   1.009215852642200e+02
   1.358811672586150e+04   6.263437512266386e+03   1.027903136466609e+02
   1.569720949142986e+04   6.263437512266386e+03   1.027903136466609e+02
   1.749120957197458e+04   6.263437512266386e+03   1.046936445946301e+02
   1.984495555295068e+04   6.263437512266386e+03   1.086066889438040e+02
   2.334243800812480e+04   6.263437512266386e+03   1.126659877875836e+02
   2.601019470013742e+04   6.263437512266386e+03   1.168770075544790e+02
   2.898284352746602e+04   6.263437512266386e+03   1.212454189869994e+02
   3.348144380023507e+04   6.263437512266386e+03   1.281060737984234e+02
   3.938222608985876e+04   6.263437512266386e+03   1.404139829332775e+02
   4.632296447687430e+04   6.263437512266386e+03   1.539043857843169e+02
   5.547857869650541e+04   6.263437512266386e+03   1.718144795668297e+02
   5.962891664876917e+04   6.263437512266386e+03   1.848980244365220e+02
   6.644377640642806e+04   6.379415312458224e+03   2.026622725826289e+02
   7.403749172824407e+04   6.379415312458224e+03   2.304357202865412e+02
   7.957621710711721e+04   6.379415312458224e+03   2.525750445403944e+02
   8.552929308197187e+04   6.379415312458224e+03   2.819675970124230e+02
   9.360075963827386e+04   6.379415312458224e+03   3.265458908503992e+02
   9.880480557002976e+04   6.379415312458224e+03   3.579190883404005e+02
   1.061963672152303e+05   6.379415312458224e+03   3.995706917437742e+02
   1.183333200565424e+05   6.379415312458224e+03   4.627417081808601e+02
   1.249124550465922e+05   6.379415312458224e+03   5.165916835949072e+02
   1.342571231161613e+05   6.497540631502288e+03   5.767082647650968e+02
   1.443008633583001e+05   6.497540631502288e+03   6.557421008498914e+02
   1.523237503926651e+05   6.497540631502288e+03   7.187431276853415e+02
   1.637190502929067e+05   6.617853234226099e+03   8.172418488085657e+02
   1.824301460180758e+05   6.617853234226099e+03   9.639705032238058e+02
   1.960776974955171e+05   6.617853234226099e+03   1.076149256469407e+03
   2.069792900456524e+05   6.617853234226099e+03   1.179541288333622e+03
   2.265120881929430e+05   6.617853234226099e+03   1.341189176066560e+03
   2.391057820433932e+05   6.617853234226099e+03   1.470045162533300e+03
   2.569932230185692e+05   6.497540631502288e+03   1.611281106685808e+03
   2.915761238367754e+05   6.379415312458224e+03   1.900572592447801e+03
   3.133888573488176e+05   6.263437512266386e+03   2.083171856311346e+03
   3.368333957460006e+05   6.037769010610291e+03   2.241803844267449e+03
   3.753293551347309e+05   5.820231231507101e+03   2.549027389319755e+03
   3.961970405168352e+05   5.714419400520052e+03   2.743133929736607e+03
   4.258364374240088e+05   5.508531745151194e+03   2.952021538882054e+03
   5.192837109644662e+05   4.756536532130214e+03   3.356575454054080e+03
   5.998848376819143e+05   4.260710944058840e+03   3.612176179163759e+03
   6.684443767328822e+05   3.747185382834396e+03   3.679061535063666e+03
   7.721976213947389e+05   3.176815784149596e+03   3.679061535063666e+03
   8.761102204861906e+05   2.693263742075188e+03   3.546506799346674e+03
   9.587894300233406e+05   2.368655996364776e+03   3.418727944052858e+03
   1.107608864781134e+06   1.935764805660645e+03   3.176815784149596e+03
   1.212134783181703e+06   1.671504575396450e+03   3.062356710096012e+03
   1.350667042679565e+06   1.417080175088948e+03   2.845661688363644e+03
   1.560312142576691e+06   1.096075921850674e+03   2.596226804762646e+03
   1.738636838503425e+06   9.292391310855575e+02   2.412515540158675e+03
   1.902713362345211e+06   7.877970362515466e+02   2.241803844267449e+03
   2.158756485671872e+06   6.321160429413054e+02   2.008116222630121e+03
   2.362480030546735e+06   5.458229506333522e+02   1.866020173835623e+03
   2.585429126340311e+06   4.713101285198076e+02   1.702455219237857e+03
   2.933343511001995e+06   3.923064947006569e+02   1.524989776779507e+03
   3.210165441758587e+06   3.450234437009021e+02   1.366023489488970e+03
   3.450317078282317e+06   3.090578938274106e+02   1.269362480415192e+03
   3.844646345514349e+06   2.668669675594207e+02   1.137043009288217e+03
   4.207468640431331e+06   2.347026149226121e+02   1.037376140302738e+03
   4.604530760252463e+06   2.102370061167490e+02   9.292391310855575e+02
   5.130772609752752e+06   1.815365774882277e+02   8.323744196474870e+02
   5.514604365846989e+06   1.656240903291731e+02   7.594131054736262e+02
   6.035021910599897e+06   1.511064033315543e+02   6.928471744834908e+02
   6.724751495951766e+06   1.353549377878503e+02   6.093412200099710e+02
   7.227828395341564e+06   1.281060737984234e+02   5.559297561989382e+02
   7.909924237192818e+06   1.190411767032294e+02   5.165916835949072e+02
   8.813932349359116e+06   1.086066889438040e+02   4.460693572977473e+02
   9.645710066955566e+06   1.027903136466609e+02   4.069693972882645e+02